1	1	a	2538
2	2	v	2160
3	4	na	1191
4	5	se	989
5	6	s	836
6	7	je	798
7	8	online	749
8	9	z	671
9	10	do	549
10	11	k	512
11	12	i	497
12	13	pro	484
13	14	dostupné	443
14	15	byl	401
15	16	cit	386
16	17	the	384
17	18	jako	371
18	19	typ	357
19	20	o	355
20	21	ve	350
21	22	tr	344
22	23	l	320
23	24	že	277
24	25	roce	275
25	26	td	274
26	28	hlist	258
27	29	od	256
28	30	n	248
29	31	článku	234
30	32	nebo	230
31	33	roku	217
32	34	of	217
33	35	po	212
34	36	cz	210
35	37	za	209
36	38	shorttoc	208
37	39	odkazy	207
38	40	které	193
39	41	jeho	190
40	42	byla	166
41	43	článek	156
42	44	tento	155
43	45	to	155
44	46	který	154
45	47	u	154
46	48	jsou	151
47	49	wikipedii	147
48	50	padding	147
49	51	ii	146
50	52	bylo	146
51	53	ul	137
52	54	tj	135
53	55	r	131
54	57	th	130
55	58	reference	129
56	59	informace	129
57	60	fdfdfd	129
58	62	či	127
59	63	and	127
60	64	anglicky	125
61	65	span	123
62	66	c	122
63	67	externí	120
64	68	má	118
65	69	tím	117
66	70	m	116
67	71	f	116
68	72	také	115
69	73	data	114
70	74	však	113
71	75	b	113
72	76	displaystyle	110
73	77	commons	109
74	78	nõmme	107
75	79	první	105
76	80	in	105
77	81	mezi	104
78	82	width	104
79	83	září	104
80	84	pak	101
81	85	skupiny	100
82	86	tohoto	99
83	87	můžete	99
84	88	mohou	98
85	89	byly	98
86	90	bez	98
87	91	div	98
88	92	podle	98
89	93	století	97
90	94	www	97
91	95	si	96
92	96	tak	95
93	97	sims	95
94	98	př	94
95	99	videa	93
96	100	portály	93
97	101	portallinks	92
98	102	bold	92
99	103	center	91
100	104	ale	90
101	105	až	90
102	106	adolf	90
103	107	wikimedia	89
104	108	při	89
105	111	ol	88
106	112	km	87
107	113	tématu	87
108	114	solid	87
109	115	jej	87
110	117	ze	87
111	118	obrázky	86
112	119	zvuky	86
113	120	dl	86
114	121	která	84
115	122	praha	83
116	123	isbn	81
117	124	mm	80
118	125	let	80
119	126	j	80
120	127	aero	79
121	128	může	78
122	129	liga	77
123	130	být	76
124	131	by	76
125	132	své	74
126	133	české	74
127	134	pomozte	73
128	135	p	72
129	136	města	72
130	137	boldsymbol	72
131	138	některá	71
132	139	pocházet	70
133	140	datové	70
134	141	ke	70
135	142	x	69
136	143	položky	69
137	144	kurie	68
138	145	aby	67
139	146	název	67
140	147	kde	66
141	148	příliš	66
142	149	vhodně	66
143	150	další	65
144	151	návrhu	64
145	152	důležité	64
146	153	texty	63
147	154	číslo	63
148	155	doi	63
149	156	část	62
150	157	textu	62
151	158	říše	62
152	159	články	61
153	160	tomto	61
154	161	dne	61
155	162	jan	61
156	163	h	60
157	164	proti	60
158	165	není	60
159	166	jak	59
160	167	pokud	59
161	168	iii	59
162	169	cizí	59
163	170	margin	59
164	171	d	59
165	172	království	59
166	173	navrženo	58
167	174	pahýl	58
168	175	stručný	58
169	176	postrádá	58
170	177	rozšíříte	58
171	178	nevkládejte	58
172	179	oprávnění	58
173	180	války	57
174	181	pouze	57
175	182	vyjádřit	57
176	183	diskusi	57
177	184	česká	57
178	185	right	57
179	186	škola	57
180	187	historie	56
181	188	během	56
182	189	tam	56
183	190	počet	56
184	191	pod	56
185	192	tanky	55
186	193	června	55
187	194	měl	54
188	195	tedy	54
189	196	národní	54
190	197	seznam	54
191	198	david	54
192	199	nejvyšší	54
193	200	stránky	53
194	201	celého	53
195	202	obsahu	53
196	203	letech	53
197	204	když	53
198	205	none	53
199	206	strana	53
200	207	před	53